k_line,orient_line,coor_x_1,coor_y_1,coor_x_2,coor_y_2
0,1,-20.5346749523184,-11.0312701886664,10.3,-11.0312701886664
1,1,-20.5346749523184,-10.9312701886664,10.3,-10.9312701886664
2,1,-20.5346749523184,-10.8312701886664,10.3,-10.8312701886664
3,1,-20.5346749523184,-10.7312701886664,10.3,-10.7312701886664
4,1,-20.5346749523184,-10.6312701886664,10.3,-10.6312701886664
5,1,-20.5346749523184,-10.5312701886664,10.3,-10.5312701886664
6,1,-20.5346749523184,-10.4312701886664,10.3,-10.4312701886664
7,1,-20.5346749523184,-10.3312701886664,10.3,-10.3312701886664
8,1,-20.5346749523184,-10.2312701886664,10.3,-10.2312701886664
9,1,-20.5346749523184,-10.1312701886664,10.3,-10.1312701886664
10,1,-20.5346749523184,-10.0312701886664,10.3,-10.0312701886664
11,1,-20.5346749523184,-9.93127018866641,10.3,-9.93127018866641
12,1,-20.5346749523184,-9.83127018866641,10.3,-9.83127018866641
13,1,-20.5346749523184,-9.73127018866641,10.3,-9.73127018866641
14,1,-20.5346749523184,-9.63127018866641,10.3,-9.63127018866641
15,1,-20.5346749523184,-9.53127018866641,10.3,-9.53127018866641
16,1,-20.5346749523184,-9.43127018866641,10.3,-9.43127018866641
17,1,-20.5346749523184,-9.33127018866641,10.3,-9.33127018866641
18,1,-20.5346749523184,-9.23127018866641,10.3,-9.23127018866641
19,1,-20.5346749523184,-9.13127018866641,10.3,-9.13127018866641
20,1,-20.5346749523184,-9.03127018866641,10.3,-9.03127018866641
21,1,-20.5346749523184,-8.93127018866641,10.3,-8.93127018866641
22,1,-20.5346749523184,-8.83127018866641,10.3,-8.83127018866641
23,1,-20.5346749523184,-8.73127018866641,10.3,-8.73127018866641
24,1,-20.5346749523184,-8.63127018866641,10.3,-8.63127018866641
25,1,-20.5346749523184,-8.53127018866641,10.3,-8.53127018866641
26,1,-20.5346749523184,-8.43127018866641,10.3,-8.43127018866641
27,1,-20.5346749523184,-8.33127018866641,10.3,-8.33127018866641
28,1,-20.5346749523184,-8.23127018866641,10.3,-8.23127018866641
29,1,-20.5346749523184,-8.13127018866641,10.3,-8.13127018866641
30,1,-20.5346749523184,-8.03127018866641,10.3,-8.03127018866641
31,1,-20.5346749523184,-7.93127018866641,10.3,-7.93127018866641
32,1,-20.5346749523184,-7.83127018866641,10.3,-7.83127018866641
33,1,-20.5346749523184,-7.73127018866641,10.3,-7.73127018866641
34,1,-20.5346749523184,-7.63127018866641,10.3,-7.63127018866641
35,1,-20.5346749523184,-7.53127018866641,10.3,-7.53127018866641
36,1,-20.5346749523184,-7.43127018866641,10.3,-7.43127018866641
37,1,-20.5346749523184,-7.33127018866641,10.3,-7.33127018866641
38,1,-20.5346749523184,-7.23127018866641,10.3,-7.23127018866641
39,1,-20.5346749523184,-7.13127018866641,10.3,-7.13127018866641
40,1,-20.5346749523184,-7.03127018866641,10.3,-7.03127018866641
41,1,-20.5346749523184,-6.93127018866641,10.3,-6.93127018866641
42,1,-20.5346749523184,-6.83127018866641,10.3,-6.83127018866641
43,1,-20.5346749523184,-6.73127018866641,10.3,-6.73127018866641
44,1,-20.5346749523184,-6.63127018866641,10.3,-6.63127018866641
45,1,-20.5346749523184,-6.53127018866641,10.3,-6.53127018866641
46,1,-20.5346749523184,-6.43127018866641,10.3,-6.43127018866641
47,1,-20.5346749523184,-6.33127018866641,10.3,-6.33127018866641
48,1,-20.5346749523184,-6.23127018866641,10.3,-6.23127018866641
49,1,-20.5346749523184,-6.13127018866641,10.3,-6.13127018866641
50,1,-20.5346749523184,-6.03127018866641,10.3,-6.03127018866641
51,1,-20.5346749523184,-5.93127018866641,10.3,-5.93127018866641
52,1,-20.5346749523184,-5.83127018866641,10.3,-5.83127018866641
53,1,-20.5346749523184,-5.73127018866641,10.3,-5.73127018866641
54,1,-20.5346749523184,-5.63127018866641,10.3,-5.63127018866641
55,1,-20.5346749523184,-5.53127018866641,10.3,-5.53127018866641
56,1,-20.5346749523184,-5.43127018866641,10.3,-5.43127018866641
57,1,-20.5346749523184,-5.33127018866641,10.3,-5.33127018866641
58,1,-20.5346749523184,-5.23127018866641,10.3,-5.23127018866641
59,1,-20.5346749523184,-5.13127018866641,10.3,-5.13127018866641
60,1,-20.5346749523184,-5.03127018866641,10.3,-5.03127018866641
61,1,-20.5346749523184,-4.93127018866641,10.3,-4.93127018866641
62,1,-20.5346749523184,-4.83127018866641,10.3,-4.83127018866641
63,1,-20.5346749523184,-4.73127018866641,10.3,-4.73127018866641
64,1,-20.5346749523184,-4.63127018866641,10.3,-4.63127018866641
65,1,-20.5346749523184,-4.53127018866641,10.3,-4.53127018866641
66,1,-20.5346749523184,-4.43127018866641,10.3,-4.43127018866641
67,1,-20.5346749523184,-4.33127018866641,10.3,-4.33127018866641
68,1,-20.5346749523184,-4.23127018866641,10.3,-4.23127018866641
69,1,-20.5346749523184,-4.13127018866641,10.3,-4.13127018866641
70,1,-20.5346749523184,-4.03127018866641,10.3,-4.03127018866641
71,1,-20.5346749523184,-3.93127018866641,10.3,-3.93127018866641
72,1,-20.5346749523184,-3.83127018866641,10.3,-3.83127018866641
73,1,-20.5346749523184,-3.73127018866641,10.3,-3.73127018866641
74,1,-20.5346749523184,-3.63127018866641,10.3,-3.63127018866641
75,1,-20.5346749523184,-3.53127018866641,10.3,-3.53127018866641
76,1,-20.5346749523184,-3.43127018866641,10.3,-3.43127018866641
77,1,-20.5346749523184,-3.33127018866641,10.3,-3.33127018866641
78,1,-20.5346749523184,-3.23127018866641,10.3,-3.23127018866641
79,1,-20.5346749523184,-3.13127018866641,10.3,-3.13127018866641
80,1,-20.5346749523184,-3.03127018866641,10.3,-3.03127018866641
81,1,-20.5346749523184,-2.93127018866641,10.3,-2.93127018866641
82,1,-20.5346749523184,-2.83127018866641,10.3,-2.83127018866641
83,1,-20.5346749523184,-2.73127018866641,10.3,-2.73127018866641
84,1,-20.5346749523184,-2.63127018866641,10.3,-2.63127018866641
85,1,-20.5346749523184,-2.53127018866641,10.3,-2.53127018866641
86,1,-20.5346749523184,-2.43127018866641,10.3,-2.43127018866641
87,1,-20.5346749523184,-2.33127018866641,10.3,-2.33127018866641
88,1,-20.5346749523184,-2.23127018866641,10.3,-2.23127018866641
89,1,-20.5346749523184,-2.13127018866641,10.3,-2.13127018866641
90,1,-20.5346749523184,-2.03127018866641,10.3,-2.03127018866641
91,1,-20.5346749523184,-1.93127018866641,10.3,-1.93127018866641
92,1,-20.5346749523184,-1.83127018866641,10.3,-1.83127018866641
93,1,-20.5346749523184,-1.73127018866641,10.3,-1.73127018866641
94,1,-20.5346749523184,-1.63127018866641,10.3,-1.63127018866641
95,1,-20.5346749523184,-1.53127018866641,10.3,-1.53127018866641
96,1,-20.5346749523184,-1.43127018866641,10.3,-1.43127018866641
97,1,-20.5346749523184,-1.33127018866641,10.3,-1.33127018866641
98,1,-20.5346749523184,-1.23127018866641,10.3,-1.23127018866641
99,1,-20.5346749523184,-1.13127018866641,10.3,-1.13127018866641
100,1,-20.5346749523184,-1.03127018866641,10.3,-1.03127018866641
101,1,-20.5346749523184,-0.93127018866641,10.3,-0.93127018866641
102,1,-20.5346749523184,-0.83127018866641,10.3,-0.83127018866641
103,1,-20.5346749523184,-0.731270188666411,10.3,-0.731270188666411
104,1,-20.5346749523184,-0.631270188666411,10.3,-0.631270188666411
105,1,-20.5346749523184,-0.531270188666412,10.3,-0.531270188666412
106,1,-20.5346749523184,-0.43127018866641,10.3,-0.43127018866641
107,1,-20.5346749523184,-0.33127018866641,10.3,-0.33127018866641
108,1,-20.5346749523184,-0.231270188666411,10.3,-0.231270188666411
109,1,-20.5346749523184,-0.131270188666411,10.3,-0.131270188666411
110,1,-20.5346749523184,-0.0312701886664115,10.3,-0.0312701886664115
111,1,-20.5346749523184,0.0687298113335899,10.3,0.0687298113335899
112,1,-20.5346749523184,0.16872981133359,10.3,0.16872981133359
113,1,-20.5346749523184,0.268729811333589,10.3,0.268729811333589
114,1,-20.5346749523184,0.368729811333589,10.3,0.368729811333589
115,1,-20.5346749523184,0.468729811333588,10.3,0.468729811333588
116,1,-20.5346749523184,0.56872981133359,10.3,0.56872981133359
117,1,-20.5346749523184,0.66872981133359,10.3,0.66872981133359
118,1,-20.5346749523184,0.768729811333589,10.3,0.768729811333589
119,1,-20.5346749523184,0.868729811333589,10.3,0.868729811333589
120,1,-20.5346749523184,0.968729811333588,10.3,0.968729811333588
121,1,-20.5346749523184,1.06872981133359,10.3,1.06872981133359
122,1,-20.5346749523184,1.16872981133359,10.3,1.16872981133359
123,1,-20.5346749523184,1.26872981133359,10.3,1.26872981133359
124,1,-20.5346749523184,1.36872981133359,10.3,1.36872981133359
125,1,-20.5346749523184,1.46872981133359,10.3,1.46872981133359
126,1,-20.5346749523184,1.56872981133359,10.3,1.56872981133359
127,1,-20.5346749523184,1.66872981133359,10.3,1.66872981133359
128,1,-20.5346749523184,1.76872981133359,10.3,1.76872981133359
129,1,-20.5346749523184,1.86872981133359,10.3,1.86872981133359
130,1,-20.5346749523184,1.96872981133359,10.3,1.96872981133359
131,1,-20.5346749523184,2.06872981133359,10.3,2.06872981133359
132,1,-20.5346749523184,2.16872981133359,10.3,2.16872981133359
133,1,-20.5346749523184,2.26872981133359,10.3,2.26872981133359
134,1,-20.5346749523184,2.36872981133359,10.3,2.36872981133359
135,1,-20.5346749523184,2.46872981133359,10.3,2.46872981133359
136,1,-20.5346749523184,2.56872981133359,10.3,2.56872981133359
137,1,-20.5346749523184,2.66872981133359,10.3,2.66872981133359
138,1,-20.5346749523184,2.76872981133359,10.3,2.76872981133359
139,1,-20.5346749523184,2.86872981133359,10.3,2.86872981133359
140,1,-20.5346749523184,2.96872981133359,10.3,2.96872981133359
141,1,-20.5346749523184,3.06872981133359,10.3,3.06872981133359
142,1,-20.5346749523184,3.16872981133359,10.3,3.16872981133359
143,1,-20.5346749523184,3.26872981133359,10.3,3.26872981133359
144,1,-20.5346749523184,3.36872981133359,10.3,3.36872981133359
145,1,-20.5346749523184,3.46872981133359,10.3,3.46872981133359
146,1,-20.5346749523184,3.56872981133359,10.3,3.56872981133359
147,1,-20.5346749523184,3.66872981133359,10.3,3.66872981133359
148,1,-20.5346749523184,3.76872981133359,10.3,3.76872981133359
149,1,-20.5346749523184,3.86872981133359,10.3,3.86872981133359
150,1,-20.5346749523184,3.96872981133359,10.3,3.96872981133359
151,1,-20.5346749523184,4.06872981133359,10.3,4.06872981133359
152,1,-20.5346749523184,4.16872981133359,10.3,4.16872981133359
153,1,-20.5346749523184,4.26872981133359,10.3,4.26872981133359
154,1,-20.5346749523184,4.36872981133359,10.3,4.36872981133359
155,1,-20.5346749523184,4.46872981133359,10.3,4.46872981133359
156,1,-20.5346749523184,4.56872981133359,10.3,4.56872981133359
157,1,-20.5346749523184,4.66872981133359,10.3,4.66872981133359
158,1,-20.5346749523184,4.76872981133359,10.3,4.76872981133359
159,1,-20.5346749523184,4.86872981133359,10.3,4.86872981133359
160,1,-20.5346749523184,4.96872981133359,10.3,4.96872981133359
161,1,-20.5346749523184,5.06872981133359,10.3,5.06872981133359
162,1,-20.5346749523184,5.16872981133359,10.3,5.16872981133359
163,1,-20.5346749523184,5.26872981133359,10.3,5.26872981133359
164,1,-20.5346749523184,5.36872981133359,10.3,5.36872981133359
165,1,-20.5346749523184,5.46872981133359,10.3,5.46872981133359
166,1,-20.5346749523184,5.56872981133359,10.3,5.56872981133359
167,1,-20.5346749523184,5.66872981133359,10.3,5.66872981133359
168,1,-20.5346749523184,5.76872981133359,10.3,5.76872981133359
169,1,-20.5346749523184,5.86872981133359,10.3,5.86872981133359
170,1,-20.5346749523184,5.96872981133359,10.3,5.96872981133359
171,1,-20.5346749523184,6.06872981133359,10.3,6.06872981133359
172,1,-20.5346749523184,6.16872981133359,10.3,6.16872981133359
173,1,-20.5346749523184,6.26872981133359,10.3,6.26872981133359
174,1,-20.5346749523184,6.36872981133359,10.3,6.36872981133359
175,1,-20.5346749523184,6.46872981133359,10.3,6.46872981133359
176,1,-20.5346749523184,6.56872981133359,10.3,6.56872981133359
177,1,-20.5346749523184,6.66872981133359,10.3,6.66872981133359
178,1,-20.5346749523184,6.76872981133359,10.3,6.76872981133359
179,1,-20.5346749523184,6.86872981133359,10.3,6.86872981133359
180,1,-20.5346749523184,6.96872981133359,10.3,6.96872981133359
181,1,-20.5346749523184,7.06872981133359,10.3,7.06872981133359
182,1,-20.5346749523184,7.16872981133359,10.3,7.16872981133359
183,1,-20.5346749523184,7.26872981133359,10.3,7.26872981133359
184,1,-20.5346749523184,7.36872981133359,10.3,7.36872981133359
185,1,-20.5346749523184,7.46872981133359,10.3,7.46872981133359
186,1,-20.5346749523184,7.56872981133359,10.3,7.56872981133359
187,1,-20.5346749523184,7.66872981133359,10.3,7.66872981133359
188,1,-20.5346749523184,7.76872981133359,10.3,7.76872981133359
189,1,-20.5346749523184,7.86872981133359,10.3,7.86872981133359
190,1,-20.5346749523184,7.96872981133359,10.3,7.96872981133359
191,1,-20.5346749523184,8.06872981133359,10.3,8.06872981133359
192,1,-20.5346749523184,8.16872981133359,10.3,8.16872981133359
193,1,-20.5346749523184,8.26872981133359,10.3,8.26872981133359
194,1,-20.5346749523184,8.36872981133359,10.3,8.36872981133359
195,1,-20.5346749523184,8.46872981133359,10.3,8.46872981133359
196,1,-20.5346749523184,8.56872981133359,10.3,8.56872981133359
197,1,-20.5346749523184,8.66872981133359,10.3,8.66872981133359
198,1,-20.5346749523184,8.76872981133359,10.3,8.76872981133359
199,1,-20.5346749523184,8.86872981133359,10.3,8.86872981133359
200,1,-20.5346749523184,8.96872981133359,10.3,8.96872981133359
201,1,-20.5346749523184,9.06872981133359,10.3,9.06872981133359
202,1,-20.5346749523184,9.16872981133359,10.3,9.16872981133359
203,1,-20.5346749523184,9.26872981133359,10.3,9.26872981133359
204,1,-20.5346749523184,9.36872981133359,10.3,9.36872981133359
205,1,-20.5346749523184,9.46872981133359,10.3,9.46872981133359
206,1,-20.5346749523184,9.56872981133359,10.3,9.56872981133359
207,1,-20.5346749523184,9.66872981133359,10.3,9.66872981133359
208,1,-20.5346749523184,9.76872981133359,10.3,9.76872981133359
209,1,-20.5346749523184,9.86872981133359,10.3,9.86872981133359
210,1,-20.5346749523184,9.96872981133359,10.3,9.96872981133359
211,1,-20.5346749523184,10.0687298113336,10.3,10.0687298113336
212,1,-20.5346749523184,10.1687298113336,10.3,10.1687298113336
213,1,-20.5346749523184,10.2687298113336,10.3,10.2687298113336
214,1,-20.5346749523184,10.3687298113336,10.3,10.3687298113336
215,1,-20.5346749523184,10.4687298113336,10.3,10.4687298113336
216,1,-20.5346749523184,10.5687298113336,10.3,10.5687298113336
217,1,-20.5346749523184,10.6687298113336,10.3,10.6687298113336
218,1,-20.5346749523184,10.7687298113336,10.3,10.7687298113336
219,1,-20.5346749523184,10.8687298113336,10.3,10.8687298113336
220,1,-20.5346749523184,10.9687298113336,10.3,10.9687298113336
221,1,-20.5346749523184,11.0687298113336,10.3,11.0687298113336
222,1,-20.5346749523184,11.1687298113336,10.3,11.1687298113336
223,1,-20.5346749523184,11.2687298113336,10.3,11.2687298113336
224,1,-20.5346749523184,11.3687298113336,10.3,11.3687298113336
225,1,-20.5346749523184,11.4687298113336,10.3,11.4687298113336
226,1,-20.5346749523184,11.5687298113336,10.3,11.5687298113336
227,1,-20.5346749523184,11.6687298113336,10.3,11.6687298113336
228,1,-20.5346749523184,11.7687298113336,10.3,11.7687298113336
229,1,-20.5346749523184,11.8687298113336,10.3,11.8687298113336
230,1,-20.5346749523184,11.9687298113336,10.3,11.9687298113336
231,1,-20.5346749523184,12.0687298113336,10.3,12.0687298113336
232,1,-20.5346749523184,12.1687298113336,10.3,12.1687298113336
233,1,-20.5346749523184,12.2687298113336,10.3,12.2687298113336
234,1,-20.5346749523184,12.3687298113336,10.3,12.3687298113336
235,1,-20.5346749523184,12.4687298113336,10.3,12.4687298113336
236,1,-20.5346749523184,12.5687298113336,10.3,12.5687298113336
237,1,-20.5346749523184,12.6687298113336,10.3,12.6687298113336
238,1,-20.5346749523184,12.7687298113336,10.3,12.7687298113336
239,1,-20.5346749523184,12.8687298113336,10.3,12.8687298113336
240,1,-20.5346749523184,12.9687298113336,10.3,12.9687298113336
241,1,-20.5346749523184,13.0687298113336,10.3,13.0687298113336
242,1,-20.5346749523184,13.1687298113336,10.3,13.1687298113336
243,1,-20.5346749523184,13.2687298113336,10.3,13.2687298113336
244,1,-20.5346749523184,13.3687298113336,10.3,13.3687298113336
245,1,-20.5346749523184,13.4687298113336,10.3,13.4687298113336
246,1,-20.5346749523184,13.5687298113336,10.3,13.5687298113336
247,1,-20.5346749523184,13.6687298113336,10.3,13.6687298113336
248,1,-20.5346749523184,13.7687298113336,10.3,13.7687298113336
249,1,-20.5346749523184,13.8687298113336,10.3,13.8687298113336
250,1,-20.5346749523184,13.9687298113336,10.3,13.9687298113336
251,1,-20.5346749523184,14.0687298113336,10.3,14.0687298113336
252,1,-20.5346749523184,14.1687298113336,10.3,14.1687298113336
253,1,-20.5346749523184,14.2687298113336,10.3,14.2687298113336
254,1,-20.5346749523184,14.3687298113336,10.3,14.3687298113336
255,1,-20.5346749523184,14.4687298113336,10.3,14.4687298113336
256,1,-20.5346749523184,14.5687298113336,10.3,14.5687298113336
257,1,-20.5346749523184,14.6687298113336,10.3,14.6687298113336
258,1,-20.5346749523184,14.7687298113336,10.3,14.7687298113336
259,1,-20.5346749523184,14.8687298113336,10.3,14.8687298113336
260,1,-20.5346749523184,14.9687298113336,10.3,14.9687298113336
261,1,-20.5346749523184,15.0687298113336,10.3,15.0687298113336
262,1,-20.5346749523184,15.1687298113336,10.3,15.1687298113336
263,1,-20.5346749523184,15.2687298113336,10.3,15.2687298113336
264,1,-20.5346749523184,15.3687298113336,10.3,15.3687298113336
265,1,-20.5346749523184,15.4687298113336,10.3,15.4687298113336
266,1,-20.5346749523184,15.5687298113336,10.3,15.5687298113336
267,1,-20.5346749523184,15.6687298113336,10.3,15.6687298113336
268,1,-20.5346749523184,15.7687298113336,10.3,15.7687298113336
269,1,-20.5346749523184,15.8687298113336,10.3,15.8687298113336
270,1,-20.5346749523184,15.9687298113336,10.3,15.9687298113336
271,1,-20.5346749523184,16.0687298113336,10.3,16.0687298113336
272,1,-20.5346749523184,16.1687298113336,10.3,16.1687298113336
273,1,-20.5346749523184,16.2687298113336,10.3,16.2687298113336
274,1,-20.5346749523184,16.3687298113336,10.3,16.3687298113336
275,1,-20.5346749523184,16.4687298113336,10.3,16.4687298113336
276,1,-20.5346749523184,16.5687298113336,10.3,16.5687298113336
277,1,-20.5346749523184,16.6687298113336,10.3,16.6687298113336
278,1,-20.5346749523184,16.7687298113336,10.3,16.7687298113336
279,1,-20.5346749523184,16.8687298113336,10.3,16.8687298113336
280,1,-20.5346749523184,16.9687298113336,10.3,16.9687298113336
281,1,-20.5346749523184,17.0687298113336,10.3,17.0687298113336
282,1,-20.5346749523184,17.1687298113336,10.3,17.1687298113336
283,1,-20.5346749523184,17.2687298113336,10.3,17.2687298113336
284,1,-20.5346749523184,17.3687298113336,10.3,17.3687298113336
285,1,-20.5346749523184,17.4687298113336,10.3,17.4687298113336
286,1,-20.5346749523184,17.5687298113336,10.3,17.5687298113336
287,1,-20.5346749523184,17.6687298113336,10.3,17.6687298113336
288,1,-20.5346749523184,17.7687298113336,10.3,17.7687298113336
289,1,-20.5346749523184,17.8687298113336,10.3,17.8687298113336
290,1,-20.5346749523184,17.9687298113336,10.3,17.9687298113336
291,1,-20.5346749523184,18.0687298113336,10.3,18.0687298113336
292,1,-20.5346749523184,18.1687298113336,10.3,18.1687298113336
293,1,-20.5346749523184,18.2687298113336,10.3,18.2687298113336
294,1,-20.5346749523184,18.3687298113336,10.3,18.3687298113336
295,1,-20.5346749523184,18.4687298113336,10.3,18.4687298113336
296,1,-20.5346749523184,18.5687298113336,10.3,18.5687298113336
297,1,-20.5346749523184,18.6687298113336,10.3,18.6687298113336
298,1,-20.5346749523184,18.7687298113336,10.3,18.7687298113336
299,1,-20.5346749523184,18.8687298113336,10.3,18.8687298113336
300,1,-20.5346749523184,18.9687298113336,10.3,18.9687298113336
301,1,-20.5346749523184,19.0687298113336,10.3,19.0687298113336
302,1,-20.5346749523184,19.1687298113336,10.3,19.1687298113336
303,1,-20.5346749523184,19.2687298113336,10.3,19.2687298113336
304,1,-20.5346749523184,19.3687298113336,10.3,19.3687298113336
305,1,-20.5346749523184,19.4687298113336,10.3,19.4687298113336
306,1,-20.5346749523184,19.5687298113336,10.3,19.5687298113336
307,1,-20.5346749523184,19.6687298113336,10.3,19.6687298113336
308,1,-20.5346749523184,19.7687298113336,10.3,19.7687298113336
309,1,-20.5346749523184,19.8687298113336,10.3,19.8687298113336
310,1,-20.5346749523184,19.9687298113336,10.3,19.9687298113336
311,1,-20.5346749523184,20.0687298113336,10.3,20.0687298113336
312,1,-20.5346749523184,20.1687298113336,10.3,20.1687298113336
313,1,-20.5346749523184,20.2687298113336,10.3,20.2687298113336
314,1,-20.5346749523184,20.3687298113336,10.3,20.3687298113336
315,1,-20.5346749523184,20.4687298113336,10.3,20.4687298113336
316,1,-20.5346749523184,20.5687298113336,10.3,20.5687298113336
317,1,-20.5346749523184,20.6687298113336,10.3,20.6687298113336
318,1,-20.5346749523184,20.7687298113336,10.3,20.7687298113336
319,1,-20.5346749523184,20.8687298113336,10.3,20.8687298113336
320,1,-20.5346749523184,20.9687298113336,10.3,20.9687298113336
321,1,-20.5346749523184,21.0687298113336,10.3,21.0687298113336
322,1,-20.5346749523184,21.1687298113336,10.3,21.1687298113336
323,1,-20.5346749523184,21.2687298113336,10.3,21.2687298113336
324,1,-20.5346749523184,21.3687298113336,10.3,21.3687298113336
325,1,-20.5346749523184,21.4687298113336,10.3,21.4687298113336
326,2,-20.5346749523184,21.5211283338669,-20.5346749523184,-11.0312701886664
327,2,-20.4346749523184,21.5211283338669,-20.4346749523184,-11.0312701886664
328,2,-20.3346749523184,21.5211283338669,-20.3346749523184,-11.0312701886664
329,2,-20.2346749523184,21.5211283338669,-20.2346749523184,-11.0312701886664
330,2,-20.1346749523184,21.5211283338669,-20.1346749523184,-11.0312701886664
331,2,-20.0346749523184,21.5211283338669,-20.0346749523184,-11.0312701886664
332,2,-19.9346749523184,21.5211283338669,-19.9346749523184,-11.0312701886664
333,2,-19.8346749523184,21.5211283338669,-19.8346749523184,-11.0312701886664
334,2,-19.7346749523184,21.5211283338669,-19.7346749523184,-11.0312701886664
335,2,-19.6346749523184,21.5211283338669,-19.6346749523184,-11.0312701886664
336,2,-19.5346749523184,21.5211283338669,-19.5346749523184,-11.0312701886664
337,2,-19.4346749523184,21.5211283338669,-19.4346749523184,-11.0312701886664
338,2,-19.3346749523184,21.5211283338669,-19.3346749523184,-11.0312701886664
339,2,-19.2346749523184,21.5211283338669,-19.2346749523184,-11.0312701886664
340,2,-19.1346749523184,21.5211283338669,-19.1346749523184,-11.0312701886664
341,2,-19.0346749523184,21.5211283338669,-19.0346749523184,-11.0312701886664
342,2,-18.9346749523184,21.5211283338669,-18.9346749523184,-11.0312701886664
343,2,-18.8346749523184,21.5211283338669,-18.8346749523184,-11.0312701886664
344,2,-18.7346749523184,21.5211283338669,-18.7346749523184,-11.0312701886664
345,2,-18.6346749523184,21.5211283338669,-18.6346749523184,-11.0312701886664
346,2,-18.5346749523184,21.5211283338669,-18.5346749523184,-11.0312701886664
347,2,-18.4346749523184,21.5211283338669,-18.4346749523184,-11.0312701886664
348,2,-18.3346749523184,21.5211283338669,-18.3346749523184,-11.0312701886664
349,2,-18.2346749523184,21.5211283338669,-18.2346749523184,-11.0312701886664
350,2,-18.1346749523184,21.5211283338669,-18.1346749523184,-11.0312701886664
351,2,-18.0346749523184,21.5211283338669,-18.0346749523184,-11.0312701886664
352,2,-17.9346749523184,21.5211283338669,-17.9346749523184,-11.0312701886664
353,2,-17.8346749523184,21.5211283338669,-17.8346749523184,-11.0312701886664
354,2,-17.7346749523184,21.5211283338669,-17.7346749523184,-11.0312701886664
355,2,-17.6346749523184,21.5211283338669,-17.6346749523184,-11.0312701886664
356,2,-17.5346749523184,21.5211283338669,-17.5346749523184,-11.0312701886664
357,2,-17.4346749523184,21.5211283338669,-17.4346749523184,-11.0312701886664
358,2,-17.3346749523184,21.5211283338669,-17.3346749523184,-11.0312701886664
359,2,-17.2346749523184,21.5211283338669,-17.2346749523184,-11.0312701886664
360,2,-17.1346749523184,21.5211283338669,-17.1346749523184,-11.0312701886664
361,2,-17.0346749523184,21.5211283338669,-17.0346749523184,-11.0312701886664
362,2,-16.9346749523184,21.5211283338669,-16.9346749523184,-11.0312701886664
363,2,-16.8346749523184,21.5211283338669,-16.8346749523184,-11.0312701886664
364,2,-16.7346749523184,21.5211283338669,-16.7346749523184,-11.0312701886664
365,2,-16.6346749523184,21.5211283338669,-16.6346749523184,-11.0312701886664
366,2,-16.5346749523184,21.5211283338669,-16.5346749523184,-11.0312701886664
367,2,-16.4346749523184,21.5211283338669,-16.4346749523184,-11.0312701886664
368,2,-16.3346749523184,21.5211283338669,-16.3346749523184,-11.0312701886664
369,2,-16.2346749523184,21.5211283338669,-16.2346749523184,-11.0312701886664
370,2,-16.1346749523184,21.5211283338669,-16.1346749523184,-11.0312701886664
371,2,-16.0346749523184,21.5211283338669,-16.0346749523184,-11.0312701886664
372,2,-15.9346749523184,21.5211283338669,-15.9346749523184,-11.0312701886664
373,2,-15.8346749523184,21.5211283338669,-15.8346749523184,-11.0312701886664
374,2,-15.7346749523184,21.5211283338669,-15.7346749523184,-11.0312701886664
375,2,-15.6346749523184,21.5211283338669,-15.6346749523184,-11.0312701886664
376,2,-15.5346749523184,21.5211283338669,-15.5346749523184,-11.0312701886664
377,2,-15.4346749523184,21.5211283338669,-15.4346749523184,-11.0312701886664
378,2,-15.3346749523184,21.5211283338669,-15.3346749523184,-11.0312701886664
379,2,-15.2346749523184,21.5211283338669,-15.2346749523184,-11.0312701886664
380,2,-15.1346749523184,21.5211283338669,-15.1346749523184,-11.0312701886664
381,2,-15.0346749523184,21.5211283338669,-15.0346749523184,-11.0312701886664
382,2,-14.9346749523184,21.5211283338669,-14.9346749523184,-11.0312701886664
383,2,-14.8346749523184,21.5211283338669,-14.8346749523184,-11.0312701886664
384,2,-14.7346749523184,21.5211283338669,-14.7346749523184,-11.0312701886664
385,2,-14.6346749523184,21.5211283338669,-14.6346749523184,-11.0312701886664
386,2,-14.5346749523184,21.5211283338669,-14.5346749523184,-11.0312701886664
387,2,-14.4346749523184,21.5211283338669,-14.4346749523184,-11.0312701886664
388,2,-14.3346749523184,21.5211283338669,-14.3346749523184,-11.0312701886664
389,2,-14.2346749523184,21.5211283338669,-14.2346749523184,-11.0312701886664
390,2,-14.1346749523184,21.5211283338669,-14.1346749523184,-11.0312701886664
391,2,-14.0346749523184,21.5211283338669,-14.0346749523184,-11.0312701886664
392,2,-13.9346749523184,21.5211283338669,-13.9346749523184,-11.0312701886664
393,2,-13.8346749523184,21.5211283338669,-13.8346749523184,-11.0312701886664
394,2,-13.7346749523184,21.5211283338669,-13.7346749523184,-11.0312701886664
395,2,-13.6346749523184,21.5211283338669,-13.6346749523184,-11.0312701886664
396,2,-13.5346749523184,21.5211283338669,-13.5346749523184,-11.0312701886664
397,2,-13.4346749523184,21.5211283338669,-13.4346749523184,-11.0312701886664
398,2,-13.3346749523184,21.5211283338669,-13.3346749523184,-11.0312701886664
399,2,-13.2346749523184,21.5211283338669,-13.2346749523184,-11.0312701886664
400,2,-13.1346749523184,21.5211283338669,-13.1346749523184,-11.0312701886664
401,2,-13.0346749523184,21.5211283338669,-13.0346749523184,-11.0312701886664
402,2,-12.9346749523184,21.5211283338669,-12.9346749523184,-11.0312701886664
403,2,-12.8346749523184,21.5211283338669,-12.8346749523184,-11.0312701886664
404,2,-12.7346749523184,21.5211283338669,-12.7346749523184,-11.0312701886664
405,2,-12.6346749523184,21.5211283338669,-12.6346749523184,-11.0312701886664
406,2,-12.5346749523184,21.5211283338669,-12.5346749523184,-11.0312701886664
407,2,-12.4346749523184,21.5211283338669,-12.4346749523184,-11.0312701886664
408,2,-12.3346749523184,21.5211283338669,-12.3346749523184,-11.0312701886664
409,2,-12.2346749523184,21.5211283338669,-12.2346749523184,-11.0312701886664
410,2,-12.1346749523184,21.5211283338669,-12.1346749523184,-11.0312701886664
411,2,-12.0346749523184,21.5211283338669,-12.0346749523184,-11.0312701886664
412,2,-11.9346749523184,21.5211283338669,-11.9346749523184,-11.0312701886664
413,2,-11.8346749523184,21.5211283338669,-11.8346749523184,-11.0312701886664
414,2,-11.7346749523184,21.5211283338669,-11.7346749523184,-11.0312701886664
415,2,-11.6346749523184,21.5211283338669,-11.6346749523184,-11.0312701886664
416,2,-11.5346749523184,21.5211283338669,-11.5346749523184,-11.0312701886664
417,2,-11.4346749523184,21.5211283338669,-11.4346749523184,-11.0312701886664
418,2,-11.3346749523184,21.5211283338669,-11.3346749523184,-11.0312701886664
419,2,-11.2346749523184,21.5211283338669,-11.2346749523184,-11.0312701886664
420,2,-11.1346749523184,21.5211283338669,-11.1346749523184,-11.0312701886664
421,2,-11.0346749523184,21.5211283338669,-11.0346749523184,-11.0312701886664
422,2,-10.9346749523184,21.5211283338669,-10.9346749523184,-11.0312701886664
423,2,-10.8346749523184,21.5211283338669,-10.8346749523184,-11.0312701886664
424,2,-10.7346749523184,21.5211283338669,-10.7346749523184,-11.0312701886664
425,2,-10.6346749523184,21.5211283338669,-10.6346749523184,-11.0312701886664
426,2,-10.5346749523184,21.5211283338669,-10.5346749523184,-11.0312701886664
427,2,-10.4346749523184,21.5211283338669,-10.4346749523184,-11.0312701886664
428,2,-10.3346749523184,21.5211283338669,-10.3346749523184,-11.0312701886664
429,2,-10.2346749523184,21.5211283338669,-10.2346749523184,-11.0312701886664
430,2,-10.1346749523184,21.5211283338669,-10.1346749523184,-11.0312701886664
431,2,-10.0346749523184,21.5211283338669,-10.0346749523184,-11.0312701886664
432,2,-9.93467495231839,21.5211283338669,-9.93467495231839,-11.0312701886664
433,2,-9.83467495231839,21.5211283338669,-9.83467495231839,-11.0312701886664
434,2,-9.73467495231839,21.5211283338669,-9.73467495231839,-11.0312701886664
435,2,-9.63467495231839,21.5211283338669,-9.63467495231839,-11.0312701886664
436,2,-9.53467495231839,21.5211283338669,-9.53467495231839,-11.0312701886664
437,2,-9.43467495231839,21.5211283338669,-9.43467495231839,-11.0312701886664
438,2,-9.33467495231839,21.5211283338669,-9.33467495231839,-11.0312701886664
439,2,-9.23467495231839,21.5211283338669,-9.23467495231839,-11.0312701886664
440,2,-9.13467495231839,21.5211283338669,-9.13467495231839,-11.0312701886664
441,2,-9.03467495231839,21.5211283338669,-9.03467495231839,-11.0312701886664
442,2,-8.93467495231839,21.5211283338669,-8.93467495231839,-11.0312701886664
443,2,-8.83467495231839,21.5211283338669,-8.83467495231839,-11.0312701886664
444,2,-8.73467495231839,21.5211283338669,-8.73467495231839,-11.0312701886664
445,2,-8.63467495231839,21.5211283338669,-8.63467495231839,-11.0312701886664
446,2,-8.53467495231839,21.5211283338669,-8.53467495231839,-11.0312701886664
447,2,-8.43467495231839,21.5211283338669,-8.43467495231839,-11.0312701886664
448,2,-8.33467495231839,21.5211283338669,-8.33467495231839,-11.0312701886664
449,2,-8.23467495231839,21.5211283338669,-8.23467495231839,-11.0312701886664
450,2,-8.13467495231839,21.5211283338669,-8.13467495231839,-11.0312701886664
451,2,-8.03467495231839,21.5211283338669,-8.03467495231839,-11.0312701886664
452,2,-7.93467495231839,21.5211283338669,-7.93467495231839,-11.0312701886664
453,2,-7.83467495231839,21.5211283338669,-7.83467495231839,-11.0312701886664
454,2,-7.73467495231839,21.5211283338669,-7.73467495231839,-11.0312701886664
455,2,-7.63467495231839,21.5211283338669,-7.63467495231839,-11.0312701886664
456,2,-7.53467495231839,21.5211283338669,-7.53467495231839,-11.0312701886664
457,2,-7.43467495231839,21.5211283338669,-7.43467495231839,-11.0312701886664
458,2,-7.33467495231839,21.5211283338669,-7.33467495231839,-11.0312701886664
459,2,-7.23467495231839,21.5211283338669,-7.23467495231839,-11.0312701886664
460,2,-7.13467495231839,21.5211283338669,-7.13467495231839,-11.0312701886664
461,2,-7.03467495231839,21.5211283338669,-7.03467495231839,-11.0312701886664
462,2,-6.93467495231839,21.5211283338669,-6.93467495231839,-11.0312701886664
463,2,-6.83467495231839,21.5211283338669,-6.83467495231839,-11.0312701886664
464,2,-6.73467495231839,21.5211283338669,-6.73467495231839,-11.0312701886664
465,2,-6.63467495231839,21.5211283338669,-6.63467495231839,-11.0312701886664
466,2,-6.53467495231839,21.5211283338669,-6.53467495231839,-11.0312701886664
467,2,-6.43467495231839,21.5211283338669,-6.43467495231839,-11.0312701886664
468,2,-6.33467495231839,21.5211283338669,-6.33467495231839,-11.0312701886664
469,2,-6.23467495231839,21.5211283338669,-6.23467495231839,-11.0312701886664
470,2,-6.13467495231839,21.5211283338669,-6.13467495231839,-11.0312701886664
471,2,-6.03467495231839,21.5211283338669,-6.03467495231839,-11.0312701886664
472,2,-5.93467495231839,21.5211283338669,-5.93467495231839,-11.0312701886664
473,2,-5.83467495231839,21.5211283338669,-5.83467495231839,-11.0312701886664
474,2,-5.73467495231839,21.5211283338669,-5.73467495231839,-11.0312701886664
475,2,-5.63467495231839,21.5211283338669,-5.63467495231839,-11.0312701886664
476,2,-5.53467495231839,21.5211283338669,-5.53467495231839,-11.0312701886664
477,2,-5.43467495231839,21.5211283338669,-5.43467495231839,-11.0312701886664
478,2,-5.33467495231839,21.5211283338669,-5.33467495231839,-11.0312701886664
479,2,-5.23467495231839,21.5211283338669,-5.23467495231839,-11.0312701886664
480,2,-5.13467495231839,21.5211283338669,-5.13467495231839,-11.0312701886664
481,2,-5.03467495231839,21.5211283338669,-5.03467495231839,-11.0312701886664
482,2,-4.93467495231839,21.5211283338669,-4.93467495231839,-11.0312701886664
483,2,-4.83467495231839,21.5211283338669,-4.83467495231839,-11.0312701886664
484,2,-4.73467495231839,21.5211283338669,-4.73467495231839,-11.0312701886664
485,2,-4.63467495231839,21.5211283338669,-4.63467495231839,-11.0312701886664
486,2,-4.53467495231839,21.5211283338669,-4.53467495231839,-11.0312701886664
487,2,-4.43467495231839,21.5211283338669,-4.43467495231839,-11.0312701886664
488,2,-4.33467495231839,21.5211283338669,-4.33467495231839,-11.0312701886664
489,2,-4.23467495231839,21.5211283338669,-4.23467495231839,-11.0312701886664
490,2,-4.13467495231838,21.5211283338669,-4.13467495231838,-11.0312701886664
491,2,-4.03467495231839,21.5211283338669,-4.03467495231839,-11.0312701886664
492,2,-3.93467495231839,21.5211283338669,-3.93467495231839,-11.0312701886664
493,2,-3.83467495231839,21.5211283338669,-3.83467495231839,-11.0312701886664
494,2,-3.73467495231839,21.5211283338669,-3.73467495231839,-11.0312701886664
495,2,-3.63467495231838,21.5211283338669,-3.63467495231838,-11.0312701886664
496,2,-3.53467495231839,21.5211283338669,-3.53467495231839,-11.0312701886664
497,2,-3.43467495231839,21.5211283338669,-3.43467495231839,-11.0312701886664
498,2,-3.33467495231839,21.5211283338669,-3.33467495231839,-11.0312701886664
499,2,-3.23467495231839,21.5211283338669,-3.23467495231839,-11.0312701886664
500,2,-3.13467495231838,21.5211283338669,-3.13467495231838,-11.0312701886664
501,2,-3.03467495231839,21.5211283338669,-3.03467495231839,-11.0312701886664
502,2,-2.93467495231839,21.5211283338669,-2.93467495231839,-11.0312701886664
503,2,-2.83467495231839,21.5211283338669,-2.83467495231839,-11.0312701886664
504,2,-2.73467495231839,21.5211283338669,-2.73467495231839,-11.0312701886664
505,2,-2.63467495231838,21.5211283338669,-2.63467495231838,-11.0312701886664
506,2,-2.53467495231839,21.5211283338669,-2.53467495231839,-11.0312701886664
507,2,-2.43467495231839,21.5211283338669,-2.43467495231839,-11.0312701886664
508,2,-2.33467495231839,21.5211283338669,-2.33467495231839,-11.0312701886664
509,2,-2.23467495231839,21.5211283338669,-2.23467495231839,-11.0312701886664
510,2,-2.13467495231838,21.5211283338669,-2.13467495231838,-11.0312701886664
511,2,-2.03467495231839,21.5211283338669,-2.03467495231839,-11.0312701886664
512,2,-1.93467495231839,21.5211283338669,-1.93467495231839,-11.0312701886664
513,2,-1.83467495231839,21.5211283338669,-1.83467495231839,-11.0312701886664
514,2,-1.73467495231839,21.5211283338669,-1.73467495231839,-11.0312701886664
515,2,-1.63467495231838,21.5211283338669,-1.63467495231838,-11.0312701886664
516,2,-1.53467495231839,21.5211283338669,-1.53467495231839,-11.0312701886664
517,2,-1.43467495231839,21.5211283338669,-1.43467495231839,-11.0312701886664
518,2,-1.33467495231838,21.5211283338669,-1.33467495231838,-11.0312701886664
519,2,-1.23467495231839,21.5211283338669,-1.23467495231839,-11.0312701886664
520,2,-1.13467495231838,21.5211283338669,-1.13467495231838,-11.0312701886664
521,2,-1.03467495231839,21.5211283338669,-1.03467495231839,-11.0312701886664
522,2,-0.934674952318385,21.5211283338669,-0.934674952318385,-11.0312701886664
523,2,-0.834674952318384,21.5211283338669,-0.834674952318384,-11.0312701886664
524,2,-0.734674952318386,21.5211283338669,-0.734674952318386,-11.0312701886664
525,2,-0.634674952318385,21.5211283338669,-0.634674952318385,-11.0312701886664
526,2,-0.534674952318387,21.5211283338669,-0.534674952318387,-11.0312701886664
527,2,-0.434674952318385,21.5211283338669,-0.434674952318385,-11.0312701886664
528,2,-0.334674952318384,21.5211283338669,-0.334674952318384,-11.0312701886664
529,2,-0.234674952318386,21.5211283338669,-0.234674952318386,-11.0312701886664
530,2,-0.134674952318385,21.5211283338669,-0.134674952318385,-11.0312701886664
531,2,-0.0346749523183867,21.5211283338669,-0.0346749523183867,-11.0312701886664
532,2,0.0653250476816147,21.5211283338669,0.0653250476816147,-11.0312701886664
533,2,0.165325047681616,21.5211283338669,0.165325047681616,-11.0312701886664
534,2,0.265325047681614,21.5211283338669,0.265325047681614,-11.0312701886664
535,2,0.365325047681615,21.5211283338669,0.365325047681615,-11.0312701886664
536,2,0.465325047681613,21.5211283338669,0.465325047681613,-11.0312701886664
537,2,0.565325047681615,21.5211283338669,0.565325047681615,-11.0312701886664
538,2,0.665325047681616,21.5211283338669,0.665325047681616,-11.0312701886664
539,2,0.765325047681614,21.5211283338669,0.765325047681614,-11.0312701886664
540,2,0.865325047681615,21.5211283338669,0.865325047681615,-11.0312701886664
541,2,0.965325047681613,21.5211283338669,0.965325047681613,-11.0312701886664
542,2,1.06532504768161,21.5211283338669,1.06532504768161,-11.0312701886664
543,2,1.16532504768162,21.5211283338669,1.16532504768162,-11.0312701886664
544,2,1.26532504768161,21.5211283338669,1.26532504768161,-11.0312701886664
545,2,1.36532504768162,21.5211283338669,1.36532504768162,-11.0312701886664
546,2,1.46532504768161,21.5211283338669,1.46532504768161,-11.0312701886664
547,2,1.56532504768161,21.5211283338669,1.56532504768161,-11.0312701886664
548,2,1.66532504768162,21.5211283338669,1.66532504768162,-11.0312701886664
549,2,1.76532504768161,21.5211283338669,1.76532504768161,-11.0312701886664
550,2,1.86532504768162,21.5211283338669,1.86532504768162,-11.0312701886664
551,2,1.96532504768161,21.5211283338669,1.96532504768161,-11.0312701886664
552,2,2.06532504768161,21.5211283338669,2.06532504768161,-11.0312701886664
553,2,2.16532504768162,21.5211283338669,2.16532504768162,-11.0312701886664
554,2,2.26532504768161,21.5211283338669,2.26532504768161,-11.0312701886664
555,2,2.36532504768162,21.5211283338669,2.36532504768162,-11.0312701886664
556,2,2.46532504768161,21.5211283338669,2.46532504768161,-11.0312701886664
557,2,2.56532504768161,21.5211283338669,2.56532504768161,-11.0312701886664
558,2,2.66532504768162,21.5211283338669,2.66532504768162,-11.0312701886664
559,2,2.76532504768161,21.5211283338669,2.76532504768161,-11.0312701886664
560,2,2.86532504768162,21.5211283338669,2.86532504768162,-11.0312701886664
561,2,2.96532504768161,21.5211283338669,2.96532504768161,-11.0312701886664
562,2,3.06532504768161,21.5211283338669,3.06532504768161,-11.0312701886664
563,2,3.16532504768162,21.5211283338669,3.16532504768162,-11.0312701886664
564,2,3.26532504768161,21.5211283338669,3.26532504768161,-11.0312701886664
565,2,3.36532504768162,21.5211283338669,3.36532504768162,-11.0312701886664
566,2,3.46532504768161,21.5211283338669,3.46532504768161,-11.0312701886664
567,2,3.56532504768161,21.5211283338669,3.56532504768161,-11.0312701886664
568,2,3.66532504768162,21.5211283338669,3.66532504768162,-11.0312701886664
569,2,3.76532504768161,21.5211283338669,3.76532504768161,-11.0312701886664
570,2,3.86532504768162,21.5211283338669,3.86532504768162,-11.0312701886664
571,2,3.96532504768161,21.5211283338669,3.96532504768161,-11.0312701886664
572,2,4.06532504768161,21.5211283338669,4.06532504768161,-11.0312701886664
573,2,4.16532504768162,21.5211283338669,4.16532504768162,-11.0312701886664
574,2,4.26532504768161,21.5211283338669,4.26532504768161,-11.0312701886664
575,2,4.36532504768162,21.5211283338669,4.36532504768162,-11.0312701886664
576,2,4.46532504768161,21.5211283338669,4.46532504768161,-11.0312701886664
577,2,4.56532504768161,21.5211283338669,4.56532504768161,-11.0312701886664
578,2,4.66532504768162,21.5211283338669,4.66532504768162,-11.0312701886664
579,2,4.76532504768161,21.5211283338669,4.76532504768161,-11.0312701886664
580,2,4.86532504768162,21.5211283338669,4.86532504768162,-11.0312701886664
581,2,4.96532504768161,21.5211283338669,4.96532504768161,-11.0312701886664
582,2,5.06532504768161,21.5211283338669,5.06532504768161,-11.0312701886664
583,2,5.16532504768162,21.5211283338669,5.16532504768162,-11.0312701886664
584,2,5.26532504768161,21.5211283338669,5.26532504768161,-11.0312701886664
585,2,5.36532504768162,21.5211283338669,5.36532504768162,-11.0312701886664
586,2,5.46532504768161,21.5211283338669,5.46532504768161,-11.0312701886664
587,2,5.56532504768161,21.5211283338669,5.56532504768161,-11.0312701886664
588,2,5.66532504768162,21.5211283338669,5.66532504768162,-11.0312701886664
589,2,5.76532504768161,21.5211283338669,5.76532504768161,-11.0312701886664
590,2,5.86532504768162,21.5211283338669,5.86532504768162,-11.0312701886664
591,2,5.96532504768161,21.5211283338669,5.96532504768161,-11.0312701886664
592,2,6.06532504768161,21.5211283338669,6.06532504768161,-11.0312701886664
593,2,6.16532504768162,21.5211283338669,6.16532504768162,-11.0312701886664
594,2,6.26532504768161,21.5211283338669,6.26532504768161,-11.0312701886664
595,2,6.36532504768162,21.5211283338669,6.36532504768162,-11.0312701886664
596,2,6.46532504768161,21.5211283338669,6.46532504768161,-11.0312701886664
597,2,6.56532504768161,21.5211283338669,6.56532504768161,-11.0312701886664
598,2,6.66532504768162,21.5211283338669,6.66532504768162,-11.0312701886664
599,2,6.76532504768161,21.5211283338669,6.76532504768161,-11.0312701886664
600,2,6.86532504768162,21.5211283338669,6.86532504768162,-11.0312701886664
601,2,6.96532504768161,21.5211283338669,6.96532504768161,-11.0312701886664
602,2,7.06532504768161,21.5211283338669,7.06532504768161,-11.0312701886664
603,2,7.16532504768162,21.5211283338669,7.16532504768162,-11.0312701886664
604,2,7.26532504768161,21.5211283338669,7.26532504768161,-11.0312701886664
605,2,7.36532504768162,21.5211283338669,7.36532504768162,-11.0312701886664
606,2,7.46532504768161,21.5211283338669,7.46532504768161,-11.0312701886664
607,2,7.56532504768161,21.5211283338669,7.56532504768161,-11.0312701886664
608,2,7.66532504768162,21.5211283338669,7.66532504768162,-11.0312701886664
609,2,7.76532504768161,21.5211283338669,7.76532504768161,-11.0312701886664
610,2,7.86532504768162,21.5211283338669,7.86532504768162,-11.0312701886664
611,2,7.96532504768161,21.5211283338669,7.96532504768161,-11.0312701886664
612,2,8.06532504768161,21.5211283338669,8.06532504768161,-11.0312701886664
613,2,8.16532504768162,21.5211283338669,8.16532504768162,-11.0312701886664
614,2,8.26532504768161,21.5211283338669,8.26532504768161,-11.0312701886664
615,2,8.36532504768162,21.5211283338669,8.36532504768162,-11.0312701886664
616,2,8.46532504768161,21.5211283338669,8.46532504768161,-11.0312701886664
617,2,8.56532504768161,21.5211283338669,8.56532504768161,-11.0312701886664
618,2,8.66532504768162,21.5211283338669,8.66532504768162,-11.0312701886664
619,2,8.76532504768161,21.5211283338669,8.76532504768161,-11.0312701886664
620,2,8.86532504768162,21.5211283338669,8.86532504768162,-11.0312701886664
621,2,8.96532504768161,21.5211283338669,8.96532504768161,-11.0312701886664
622,2,9.06532504768161,21.5211283338669,9.06532504768161,-11.0312701886664
623,2,9.16532504768162,21.5211283338669,9.16532504768162,-11.0312701886664
624,2,9.26532504768161,21.5211283338669,9.26532504768161,-11.0312701886664
625,2,9.36532504768162,21.5211283338669,9.36532504768162,-11.0312701886664
626,2,9.46532504768161,21.5211283338669,9.46532504768161,-11.0312701886664
627,2,9.56532504768161,21.5211283338669,9.56532504768161,-11.0312701886664
628,2,9.66532504768162,21.5211283338669,9.66532504768162,-11.0312701886664
629,2,9.76532504768161,21.5211283338669,9.76532504768161,-11.0312701886664
630,2,9.86532504768162,21.5211283338669,9.86532504768162,-11.0312701886664
631,2,9.96532504768161,21.5211283338669,9.96532504768161,-11.0312701886664
632,2,10.0653250476816,21.5211283338669,10.0653250476816,-11.0312701886664
633,2,10.1653250476816,21.5211283338669,10.1653250476816,-11.0312701886664
634,2,10.2653250476816,21.5211283338669,10.2653250476816,-11.0312701886664
